VARIABLES = \
"Time_Iter","Outer_Iter","Inner_Iter",   "rms[Rho_0]"   ,   "rms[Rho_1]"   ,    "rms[RhoU]"   ,    "rms[RhoV]"   ,    "rms[RhoW]"   ,    "rms[RhoE]"   ,   "rms[RhoEve]"  ,       "CD"       ,       "CL"       ,       "CSF"      ,       "CMx"      ,       "CMy"      ,       "CMz"      ,       "CFx"      ,       "CFy"      ,       "CFz"      ,      "CEff"      
          0,           0,           0,       -4.61902305,      -7.618588543,     -0.7282089968,      -16.93597155,       -16.7674328,        2.86540159,      -4.419756294,   2.712087691e-06,  -1.207712924e-06,  -1.380422189e-05,   5.338970262e-18,   9.944561372e-07,  -1.136668566e-05,   2.712087691e-06,  -1.380422189e-05,  -1.207712924e-06,     -0.4453074758
          0,           0,           1,      -4.619403869,      -7.618969364,     -0.7286520772,      -3.782927911,      -4.822957861,       2.865019399,      -4.420137113,   5.504676591e-06,  -2.449437444e-06,  -2.799719809e-05,   1.129297413e-17,   2.017818931e-06,  -2.306377592e-05,   5.504676591e-06,  -2.799719809e-05,  -2.449437444e-06,     -0.4449739059
          0,           0,           2,      -4.619784628,      -7.619350125,     -0.7290970113,      -3.475730362,      -4.515783422,       2.864637234,      -4.420517872,   8.381175171e-06,  -3.726567598e-06,  -4.259486255e-05,   1.829114875e-17,   3.071309418e-06,  -3.510522729e-05,   8.381175171e-06,  -4.259486255e-05,  -3.726567598e-06,     -0.4446354505
          0,           0,           3,      -4.620165422,      -7.619730921,     -0.7295439774,      -3.293385817,      -4.333461993,       2.864255004,      -4.420898666,    1.13448734e-05,  -5.040433679e-06,  -5.761242058e-05,   2.676637679e-17,   4.156090654e-06,  -4.750433355e-05,    1.13448734e-05,  -5.761242058e-05,  -5.040433679e-06,      -0.444291752
          0,           0,           4,      -4.620546347,       -7.62011185,     -0.7299931514,       -3.16211878,       -4.20221807,       2.863872616,      -4.421279591,   1.439899538e-05,  -6.392325546e-06,  -7.306461532e-05,     3.7276173e-17,   5.273288873e-06,  -6.027396763e-05,   1.439899538e-05,  -7.306461532e-05,  -6.392325546e-06,      -0.443942468
          0,           0,           5,      -4.620927501,      -7.620493007,     -0.7304447078,       -3.05881402,      -4.098936418,       2.863489976,      -4.421660744,   1.754673552e-05,  -7.783508589e-06,  -8.896591027e-05,   5.043009837e-17,   6.424007923e-06,  -7.342674655e-05,   1.754673552e-05,  -8.896591027e-05,  -7.783508589e-06,     -0.4435872746
          0,           0,           6,      -4.621308978,      -7.620874488,     -0.7308988199,      -2.973178564,      -4.013324062,        2.86310699,      -4.422042222,   2.079128421e-05,  -9.215234961e-06,  -0.0001053306176,   6.694806471e-17,   7.609339349e-06,  -8.697514675e-05,   2.079128421e-05,  -0.0001053306176,  -9.215234961e-06,     -0.4432258666
          0,           0,           7,      -4.621690876,      -7.621256391,     -0.7313556608,      -2.899723899,      -3.939892489,       2.862723565,       -4.42242412,   2.413584647e-05,  -1.068875164e-05,  -0.0001221729903,    8.77395505e-17,   8.830369603e-06,  -0.0001009315864,   2.413584647e-05,  -0.0001221729903,  -1.068875164e-05,     -0.4428579562
          0,           0,           8,      -4.622073291,      -7.621638811,     -0.7318154039,      -2.835175304,      -3.875366979,       2.862339605,      -4.422806535,   2.758365598e-05,  -1.220530632e-05,  -0.0001395072896,   1.138275432e-16,   1.008818528e-05,  -0.0001153084853,   2.758365598e-05,  -0.0001395072896,  -1.220530632e-05,     -0.4424832708
          0,           0,           9,      -4.622456319,      -7.622021845,     -0.7322782234,      -2.777421556,      -3.817636309,       2.861955016,      -4.423189563,   3.113798578e-05,  -1.376615181e-05,  -0.0001573478352,   1.465065111e-16,   1.138387696e-05,   -0.000130118309,   3.113798578e-05,  -0.0001573478352,  -1.376615181e-05,      -0.442101551
          0,           0,          10,      -4.622840057,      -7.622405589,     -0.7327442949,      -2.725021907,      -3.765259733,       2.861569703,      -4.423573301,   3.480215657e-05,  -1.537254927e-05,  -0.0001757090422,   1.873422276e-16,   1.271854209e-05,  -0.0001453736014,   3.480215657e-05,  -0.0001757090422,  -1.537254927e-05,     -0.4417125485
          0,           0,          11,      -4.623224603,      -7.622790142,     -0.7332137964,      -2.676949342,      -3.717210241,       2.861183568,      -4.423957847,   3.857954346e-05,  -1.702577075e-05,  -0.0001946054501,   2.382123595e-16,   1.409328713e-05,   -0.000161087009,   3.857954346e-05,  -0.0001946054501,  -1.702577075e-05,     -0.4413160245
          0,           0,          12,      -4.623610057,      -7.623175602,     -0.7336869078,      -2.632446046,       -3.67273002,       2.860796514,      -4.424343301,   4.247358135e-05,    -1.8727101e-05,  -0.0002140517439,   3.014207175e-16,   1.550922911e-05,  -0.0001772712998,   4.247358135e-05,  -0.0002140517439,    -1.8727101e-05,      -0.440911748
          0,           0,          13,       -4.62399652,      -7.623562071,     -0.7341638125,      -2.590936934,      -3.631243988,       2.860408442,      -4.424729764,   4.648776944e-05,  -2.047783894e-05,  -0.0002340627701,   3.797815685e-16,   1.696749681e-05,  -0.0001939393759,   4.648776944e-05,  -0.0002340627701,  -2.047783894e-05,     -0.4404994945
          0,           0,          14,      -4.624384094,      -7.623949653,     -0.7346446969,      -2.551975332,      -3.592305477,       2.860019251,      -4.425117338,   5.062567498e-05,  -2.227929868e-05,  -0.0002546535491,   4.767238541e-16,   1.846923164e-05,  -0.0002111042836,   5.062567498e-05,  -0.0002546535491,  -2.227929868e-05,     -0.4400790447
          0,           0,          15,      -4.624772886,      -7.624338453,     -0.7351297514,      -2.515207451,      -3.555560701,       2.859628836,       -4.42550613,   5.489093651e-05,   -2.41328103e-05,  -0.0002758392839,    5.96368899e-16,    2.00155882e-05,    -0.00022877922,   5.489093651e-05,  -0.0002758392839,   -2.41328103e-05,     -0.4396501833
          0,           0,          16,      -4.625163003,      -7.624728578,     -0.7356191703,      -2.480348351,      -3.520724726,       2.859237093,      -4.425896247,   5.928726662e-05,  -2.603972037e-05,  -0.0002976353658,   7.437389072e-16,   2.160773464e-05,  -0.0002469775371,   5.928726662e-05,  -0.0002976353658,  -2.603972037e-05,     -0.4392126987
          0,           0,          17,      -4.625554557,       -7.62512014,     -0.7361131528,      -2.447165212,      -3.487564737,       2.858843912,        -4.4262878,   6.381845436e-05,   -2.80013923e-05,  -0.0003200573785,   9.247313722e-16,   2.324685286e-05,   -0.000265712744,   6.381845436e-05,  -0.0003200573785,   -2.80013923e-05,     -0.4387663816
          0,           0,          18,      -4.625947661,      -7.625513254,     -0.7366119027,      -2.415465395,      -3.455888102,       2.858449182,      -4.426680904,   6.848836739e-05,  -3.001920647e-05,     -0.0003431211,   1.146466598e-15,   2.493413852e-05,  -0.0002849985073,   6.848836739e-05,     -0.0003431211,  -3.001920647e-05,     -0.4383110244
          0,           0,          19,      -4.626342433,      -7.625908036,     -0.7371156294,      -2.385087738,      -3.425533664,       2.858052787,      -4.427075676,   7.330095382e-05,   -3.20945603e-05,  -0.0003668425028,   1.417280687e-15,   2.667080096e-05,  -0.0003048486499,   7.330095382e-05,  -0.0003668425028,   -3.20945603e-05,     -0.4378464212
          0,           0,          20,      -4.626738996,       -7.62630461,     -0.7376245476,       -2.35589609,      -3.396365278,       2.857654609,      -4.427472238,   7.826024395e-05,  -3.422886809e-05,  -0.0003912377525,   1.746804561e-15,   2.845806296e-05,   -0.000325277148,   7.826024395e-05,  -0.0003912377525,  -3.422886809e-05,     -0.4373723664
          0,           0,          21,      -4.627137475,        -7.6267031,     -0.7381388781,      -2.327774418,       -3.36826692,       2.857254525,      -4.427870716,   8.337035172e-05,  -3.642356083e-05,  -0.0004163232053,   2.146229102e-15,   3.029716038e-05,  -0.0003462981277,   8.337035172e-05,  -0.0004163232053,  -3.642356083e-05,      -0.436888655
          0,           0,          22,      -4.627538001,      -7.627103638,     -0.7386588481,      -2.300623069,      -3.341138941,       2.856852406,      -4.428271241,   8.863547607e-05,  -3.868008583e-05,   -0.000442115404,   2.628174702e-15,   3.218934175e-05,  -0.0003679258597,   8.863547607e-05,   -0.000442115404,  -3.868008583e-05,     -0.4363950819
          0,           0,          23,       -4.62794071,       -7.62750636,     -0.7391846912,      -2.274355844,      -3.314895152,       2.856448122,      -4.428673948,    9.40599021e-05,  -4.099990629e-05,  -0.0004686310732,   3.206785847e-15,   3.413586766e-05,  -0.0003901747527,    9.40599021e-05,  -0.0004686310732,  -4.099990629e-05,     -0.4358914413
          0,           0,          24,      -4.628345742,      -7.627911405,      -0.739716648,      -2.248897717,      -3.289460534,       2.856041535,      -4.429078977,   9.964800218e-05,  -4.338450074e-05,  -0.0004958871124,   3.897807448e-15,   3.613801016e-05,  -0.0004130593461,   9.964800218e-05,  -0.0004958871124,  -4.338450074e-05,     -0.4353775268
          0,           0,          25,      -4.628753244,       -7.62831892,     -0.7402549663,      -2.224183002,      -3.264769409,       2.855632504,      -4.429486473,   0.0001054042369,  -4.583536241e-05,  -0.0005239005895,   4.718300974e-15,   3.819705199e-05,  -0.0004365943019,   0.0001054042369,  -0.0005239005895,  -4.583536241e-05,      -0.434853131
          0,           0,          26,      -4.629163366,      -7.628729057,     -0.7407999014,      -2.200153894,      -3.240763982,        2.85522088,      -4.429896589,   0.0001113331557,   -4.83539985e-05,  -0.0005526887316,   5.686722345e-15,   4.031428573e-05,  -0.0004607943942,   0.0001113331557,  -0.0005526887316,   -4.83539985e-05,     -0.4343180449
          0,           0,          27,      -4.629576268,      -7.629141974,     -0.7413517164,      -2.176759276,      -3.217393144,       2.854806512,      -4.430309481,   0.0001174393978,   -5.09419293e-05,   -0.000582268916,   6.822762484e-15,   4.249101289e-05,  -0.0004856744994,   0.0001174393978,   -0.000582268916,   -5.09419293e-05,     -0.4337720583
          0,           0,          28,      -4.629992113,      -7.629557836,     -0.7419106826,       -2.15395375,      -3.194611505,       2.854389238,      -4.430725311,   0.0001237276927,  -5.360068731e-05,   -0.000612658659,   8.147153104e-15,   4.472854284e-05,  -0.0005112495837,   0.0001237276927,   -0.000612658659,  -5.360068731e-05,     -0.4332149589
          0,           0,          29,      -4.630411072,      -7.629976812,     -0.7424770796,      -2.131696833,      -3.172378593,       2.853968895,      -4.431144248,   0.0001302028606,  -5.633181618e-05,  -0.0006438756048,   9.681648421e-15,   4.702819171e-05,  -0.0005375346905,   0.0001302028606,  -0.0006438756048,  -5.633181618e-05,     -0.4326465325
          0,           0,          30,      -4.630833324,      -7.630399081,     -0.7430511955,      -2.109952293,      -3.150658187,       2.853545309,      -4.431566468,   0.0001368698129,   -5.91368696e-05,   -0.000675937512,   1.144877096e-14,   4.939128113e-05,  -0.0005645449262,   0.0001368698129,   -0.000675937512,   -5.91368696e-05,     -0.4320665627
          0,           0,          31,      -4.631259052,      -7.630824828,     -0.7436333276,      -2.088687593,      -3.129417759,       2.853118302,      -4.431992152,   0.0001437335521,  -6.201741006e-05,  -0.0007088622401,   1.347190357e-14,   5.181913694e-05,  -0.0005922954449,   0.0001437335521,  -0.0007088622401,  -6.201741006e-05,     -0.4314748308
          0,           0,          32,       -4.63168845,      -7.631254246,      -0.744223782,      -2.067873424,      -3.108628013,       2.852687688,      -4.432421486,   0.0001507991722,  -6.497500755e-05,  -0.0007426677339,   1.577510871e-14,   5.431308768e-05,  -0.0006208014323,   0.0001507991722,  -0.0007426677339,  -6.497500755e-05,     -0.4308711155
          0,           0,          33,      -4.632121718,      -7.631687534,     -0.7448228747,      -2.047483308,       -3.08826248,       2.852253272,      -4.432854663,   0.0001580718588,  -6.801123809e-05,  -0.0007773720077,   1.838327988e-14,   5.687446315e-05,  -0.0006500780878,   0.0001580718588,  -0.0007773720077,  -6.801123809e-05,     -0.4302551928
          0,           0,          34,      -4.632559064,      -7.632124901,     -0.7454309309,      -2.027493262,      -3.068297191,       2.851814853,      -4.433291881,   0.0001655568887,  -7.112768222e-05,   -0.000812993127,    2.13219892e-14,   5.950459267e-05,  -0.0006801406057,   0.0001655568887,   -0.000812993127,  -7.112768222e-05,     -0.4296268358
          0,           0,          35,      -4.633000705,      -7.632566563,     -0.7460482858,      -2.007881513,      -3.048710384,       2.851372223,      -4.433733342,   0.0001732596296,  -7.432592338e-05,  -0.0008495491906,   2.461782782e-14,   6.220480338e-05,  -0.0007110041551,   0.0001732596296,  -0.0008495491906,  -7.432592338e-05,     -0.4289858148
          0,           0,          36,      -4.633446865,      -7.633012746,      -0.746675285,      -1.988628246,      -3.029482257,       2.850925163,      -4.434179251,   0.0001811855403,   -7.76075461e-05,  -0.0008870583098,   2.829830462e-14,   6.497641831e-05,  -0.0007426838586,   0.0001811855403,  -0.0008870583098,   -7.76075461e-05,     -0.4283318967
          0,           0,          37,      -4.633897778,      -7.633463683,     -0.7473122841,      -1.969715395,      -3.010594758,       2.850473449,      -4.434629817,   0.0001893401692,  -8.097413417e-05,  -0.0009255385873,   3.239201411e-14,   6.782075447e-05,  -0.0007751947695,   0.0001893401692,  -0.0009255385873,  -8.097413417e-05,     -0.4276648452
          0,           0,          38,      -4.634353688,      -7.633919618,     -0.7479596493,      -1.951126458,      -2.992031398,       2.850016845,      -4.435085245,   0.0001977291548,  -8.442726865e-05,  -0.0009650080947,    3.69288716e-14,   7.073912064e-05,  -0.0008085518473,   0.0001977291548,  -0.0009650080947,  -8.442726865e-05,     -0.4269844208
          0,           0,          39,      -4.634814847,      -7.634380803,     -0.7486177577,      -1.932846335,      -2.973777091,       2.849555108,      -4.435545741,   0.0002063582239,  -8.796852574e-05,   -0.001005484848,   4.194017866e-14,   7.373281523e-05,  -0.0008427699329,   0.0002063582239,   -0.001005484848,  -8.796852574e-05,     -0.4262903803
          0,           0,          40,      -4.635281516,      -7.634847498,      -0.749286997,      -1.914861187,      -2.955818014,       2.849087985,      -4.436011503,   0.0002152331912,   -9.15994746e-05,   -0.001046986783,    4.74586259e-14,   7.680312385e-05,  -0.0008778637207,   0.0002152331912,   -0.001046986783,   -9.15994746e-05,     -0.4255824767
          0,           0,          41,      -4.635753968,      -7.635319977,     -0.7499677661,      -1.897158317,      -2.938141484,       2.848615216,      -4.436482717,   0.0002243599583,  -9.532167495e-05,   -0.001089531728,   5.351891328e-14,   7.995131685e-05,  -0.0009138477312,   0.0002243599583,   -0.001089531728,  -9.532167495e-05,     -0.4248604594
          0,           0,          42,      -4.636232482,       -7.63579852,     -0.7506604753,      -1.879726058,       -2.92073585,       2.848136527,      -4.436959552,   0.0002337445118,  -9.913667462e-05,   -0.001133137373,   6.015718613e-14,    8.31786467e-05,  -0.0009507362799,   0.0002337445118,   -0.001133137373,  -9.913667462e-05,      -0.424124074
          0,           0,          43,      -4.636717352,      -7.636283419,     -0.7513655459,       -1.86255368,        -2.9035904,       2.847651637,      -4.437442151,   0.0002433929228,  -0.0001030460069,   -0.001177821246,   6.741197092e-14,   8.648634521e-05,  -0.0009885434465,   0.0002433929228,   -0.001177821246,  -0.0001030460069,     -0.4233730617
          0,           0,          44,      -4.637208879,      -7.636774976,     -0.7520834108,      -1.845631304,      -2.886695271,       2.847160256,      -4.437930621,   0.0002533113447,  -0.0001070511879,   -0.001223600674,   7.532355283e-14,   8.987562065e-05,   -0.001027283042,   0.0002533113447,   -0.001223600674,  -0.0001070511879,     -0.4226071598
          0,           0,          45,      -4.637707375,      -7.637273503,     -0.7528145145,      -1.828949832,      -2.870041381,       2.846662082,      -4.438425019,   0.0002635060115,  -0.0001111537135,   -0.001270492755,   8.393461826e-14,   9.334765473e-05,   -0.001066968573,   0.0002635060115,   -0.001270492755,  -0.0001111537135,     -0.4218261014
          0,           0,          46,      -4.638213164,      -7.637779324,      -0.753559313,      -1.812500872,      -2.853620358,       2.846156803,      -4.438925335,   0.0002739832362,  -0.0001153550565,   -0.001318514325,   9.329025434e-14,   9.690359935e-05,   -0.001107613205,   0.0002739832362,   -0.001318514325,  -0.0001153550565,     -0.4210296151
          0,           0,          47,      -4.638726581,      -7.638292773,     -0.7543182741,      -1.796276688,      -2.837424484,       2.845644096,      -4.439431472,   0.0002847494085,  -0.0001196566632,   -0.001367681914,   1.034379521e-13,   0.0001005445734,   -0.001149229728,   0.0002847494085,   -0.001367681914,  -0.0001196566632,     -0.4202174249
          0,           0,          48,      -4.639247969,      -7.638814194,     -0.7550918773,       -1.78027014,       -2.82144664,       2.845123629,      -4.439943214,   0.0002958109926,  -0.0001240599505,   -0.001418011718,   1.144278321e-13,    0.000104271659,   -0.001191830512,   0.0002958109926,   -0.001418011718,  -0.0001240599505,     -0.4193892506
          0,           0,          49,      -4.639777687,      -7.639343944,     -0.7558806136,      -1.764474641,      -2.805680257,       2.844595058,      -4.440460194,   0.0003071745247,  -0.0001285663021,   -0.001469519551,   1.263127611e-13,   0.0001080858983,   -0.001235427466,   0.0003071745247,   -0.001469519551,  -0.0001285663021,     -0.4185448067
          0,           0,          50,        -4.6403161,       -7.63988239,     -0.7566849861,      -1.748884112,      -2.790119278,       2.844058028,      -4.440981851,   0.0003188466104,  -0.0001331770649,   -0.001522220811,   1.391484333e-13,   0.0001119882894,      -0.001280032,   0.0003188466104,   -0.001522220811,  -0.0001331770649,     -0.4176838034
          0,           0,          51,      -4.640863588,      -7.640429911,     -0.7575055092,      -1.733492945,      -2.774758115,       2.843512173,      -4.441507371,   0.0003308339217,  -0.0001378935456,   -0.001576130432,   1.529933559e-13,   0.0001159797823,   -0.001325654972,   0.0003308339217,   -0.001576130432,  -0.0001378935456,     -0.4168059456
          0,           0,          52,      -4.641420542,      -7.640986896,      -0.758342709,      -1.718295967,      -2.759591619,       2.842957116,      -4.442035619,   0.0003431431945,  -0.0001427170063,    -0.00163126284,   1.679092075e-13,   0.0001200612751,   -0.001372306647,   0.0003431431945,    -0.00163126284,  -0.0001427170063,     -0.4159109335
          0,           0,          53,      -4.641987363,      -7.641553747,     -0.7591971233,       -1.70328841,      -2.744615045,       2.842392469,      -4.442565051,   0.0003557812246,   -0.000147648661,   -0.001687631909,   1.839607647e-13,   0.0001242336096,   -0.001419996648,   0.0003557812246,   -0.001687631909,   -0.000147648661,     -0.4149984618
          0,           0,          54,      -4.642564464,      -7.642130876,     -0.7600693011,      -1.688465883,      -2.729824024,       2.841817833,      -4.443093605,   0.0003687548648,  -0.0001526896706,   -0.001745250912,   2.012159119e-13,   0.0001284975669,   -0.001468733902,   0.0003687548648,   -0.001745250912,  -0.0001526896706,     -0.4140682204
          0,           0,          55,      -4.643152271,      -7.642718708,     -0.7609598025,      -1.673824346,      -2.715214541,       2.841232796,      -4.443618561,   0.0003820710213,  -0.0001578411395,   -0.001804132471,   2.197460435e-13,   0.0001328538627,    -0.00151852659,   0.0003820710213,   -0.001804132471,  -0.0001578411395,     -0.4131198933
          0,           0,          56,       -4.64375122,      -7.643317678,     -0.7618691988,      -1.659360086,       -2.70078291,       2.840636937,      -4.444136363,   0.0003957366493,  -0.0001631041104,   -0.001864288502,   2.396257392e-13,   0.0001373031427,   -0.001569382093,   0.0003957366493,   -0.001864288502,  -0.0001631041104,     -0.4121531597
          0,           0,          57,      -4.644361759,      -7.643928234,     -0.7627980722,      -1.645069698,      -2.686525749,       2.840029822,      -4.444642389,   0.0004097587498,  -0.0001684795598,   -0.001925730169,   2.609330954e-13,   0.0001418459777,   -0.001621306933,   0.0004097587498,   -0.001925730169,  -0.0001684795598,     -0.4111676928
          0,           0,          58,      -4.644984347,      -7.644550834,     -0.7637470153,      -1.630950062,      -2.672439968,       2.839411006,      -4.445130702,   0.0004241443646,  -0.0001739683931,   -0.001988467819,    2.83749803e-13,   0.0001464828583,   -0.001674306721,   0.0004241443646,   -0.001988467819,  -0.0001739683931,     -0.4101631605
          0,           0,          59,      -4.645619455,      -7.645185951,     -0.7647166311,      -1.616998332,      -2.658522747,       2.838780032,      -4.445593689,   0.0004389005721,  -0.0001795714398,   -0.002052510936,   3.081609322e-13,   0.0001512141902,   -0.001728386091,   0.0004389005721,   -0.002052510936,  -0.0001795714398,     -0.4091392248
          0,           0,          60,      -4.646267566,      -7.645834067,     -0.7657075323,      -1.603211913,       -2.64477152,       2.838136434,      -4.446021552,   0.0004540344827,  -0.0001852894483,   -0.002117868071,   3.342554381e-13,   0.0001560402881,   -0.001783548641,   0.0004540344827,   -0.002117868071,  -0.0001852894483,     -0.4080955421
          0,           0,          61,      -4.646929173,      -7.646495675,     -0.7667203415,      -1.589588451,      -2.631183964,       2.837479732,       -4.44640172,   0.0004695532337,  -0.0001911230805,    -0.00218454679,   3.621257528e-13,   0.0001609613707,   -0.001839796871,   0.0004695532337,    -0.00218454679,  -0.0001911230805,     -0.4070317629
          0,           0,          62,      -4.647604781,      -7.647171283,     -0.7677556905,       -1.57612582,      -2.617757982,       2.836809435,       -4.44671797,   0.0004854639844,  -0.0001970729063,   -0.002252553609,   3.918680896e-13,   0.0001659775546,   -0.001897132115,   0.0004854639844,   -0.002252553609,  -0.0001970729063,     -0.4059475319
          0,           0,          63,      -4.648294907,      -7.647861405,     -0.7688142198,      -1.562822108,      -2.604491693,       2.836125043,      -4.446949323,   0.0005017739107,  -0.0002031393984,   -0.002321893929,   4.235820629e-13,    0.000171088849,   -0.001955554475,   0.0005017739107,   -0.002321893929,  -0.0002031393984,     -0.4048424878
          0,           0,          64,      -4.649000076,       -7.64856657,     -0.7698965782,      -1.549675605,      -2.591383422,       2.835426043,      -4.447068342,   0.0005184901994,  -0.0002093229259,   -0.002392571971,   4.573711534e-13,   0.0001762951488,   -0.002015062754,   0.0005184901994,   -0.002392571971,  -0.0002093229259,     -0.4037162633
          0,           0,          65,      -4.649720826,      -7.649287315,     -0.7710034226,      -1.536684797,      -2.578431687,       2.834711911,      -4.447038688,   0.0005356200427,  -0.0002156237492,   -0.002464590709,   4.933424403e-13,   0.0001815962295,   -0.002075654381,   0.0005356200427,   -0.002464590709,  -0.0002156237492,     -0.4025684851
          0,           0,          66,      -4.650457706,       -7.65002419,     -0.7721354171,      -1.523848354,      -2.565635193,       2.833982113,      -4.446811512,    0.000553170632,  -0.0002220420133,   -0.002537951802,   5.316065122e-13,   0.0001869917399,   -0.002137325346,    0.000553170632,   -0.002537951802,  -0.0002220420133,     -0.4013987737
          0,           0,          67,      -4.651211274,      -7.650777752,     -0.7732932327,      -1.511165122,      -2.552992822,       2.833236104,      -4.446327851,   0.0005711491518,  -0.0002285777422,   -0.002612655524,   5.722772299e-13,   0.0001924811963,   -0.002200070119,   0.0005711491518,   -0.002612655524,  -0.0002285777422,     -0.4002067437
          0,           0,          68,        -4.6519821,      -7.651548573,     -0.7744775466,      -1.498634116,      -2.540503627,       2.832473327,      -4.445493206,   0.0005895627736,  -0.0002352308323,   -0.002688700689,   6.154719769e-13,   0.0001980639759,   -0.002263881579,   0.0005895627736,   -0.002688700689,  -0.0002352308323,     -0.3989920036
          0,           0,          69,      -4.652770763,      -7.652337231,     -0.7756890418,      -1.486254512,      -2.528166822,       2.831693215,      -4.444158955,    0.000608418649,  -0.0002420010459,   -0.002766084583,   6.613111745e-13,   0.0002037393096,   -0.002328750939,    0.000608418649,   -0.002766084583,  -0.0002420010459,     -0.3977541556
          0,           0,          70,      -4.653577852,      -7.653144315,     -0.7769284063,      -1.474025645,      -2.515981781,       2.830895192,      -4.442124376,   0.0006277239029,  -0.0002488880053,   -0.002844802887,   7.099181178e-13,   0.0002095062758,   -0.002394667662,   0.0006277239029,   -0.002844802887,  -0.0002488880053,     -0.3964927959
          0,           0,          71,      -4.654403967,      -7.653970427,     -0.7781963327,      -1.461946997,      -2.503948027,        2.83007867,      -4.439144434,   0.0006474856268,  -0.0002558911854,     -0.0029248496,   7.614188516e-13,   0.0002153637929,   -0.002461619387,   0.0006474856268,     -0.0029248496,  -0.0002558911854,     -0.3952075148
          0,           0,          72,      -4.655249717,      -7.654816173,     -0.7794935174,      -1.450018196,       -2.49206523,       2.829243049,      -4.434720524,   0.0006677108716,  -0.0002630099077,   -0.003006216965,   8.159418419e-13,   0.0002213106128,   -0.002529591847,   0.0006677108716,   -0.003006216965,  -0.0002630099077,     -0.3938978964
          0,           0,          73,      -4.656119044,      -7.655685498,     -0.7808228241,      -1.438279983,      -2.480371272,       2.828384389,      -4.428221801,   0.0006884062846,  -0.0002702431373,   -0.003088893156,   8.736168584e-13,   0.0002273450762,   -0.002598566076,   0.0006884062846,   -0.003088893156,  -0.0002702431373,     -0.3925634373
          0,           0,          74,      -4.657026694,      -7.656593146,     -0.7821953434,       -1.42686022,      -2.468985159,       2.827487976,      -4.418739812,   0.0007095772592,  -0.0002775890126,   -0.003172856892,   9.345693996e-13,   0.0002334645698,   -0.002668512206,   0.0007095772592,   -0.003172856892,  -0.0002775890126,     -0.3912033665
          0,           0,          75,      -4.657996235,      -7.657562686,     -0.7836319015,       -1.41585245,      -2.458000088,       2.826530435,      -4.404865354,    0.000731227843,  -0.0002850447919,   -0.003258076836,   9.988813327e-13,   0.0002396655163,   -0.002739389347,    0.000731227843,   -0.003258076836,  -0.0002850447919,     -0.3898166551
          0,           0,          76,       -4.65906022,      -7.658626671,     -0.7851622201,      -1.405351562,      -2.447515682,        2.82547949,       -4.38487083,   0.0007533602814,  -0.0002926065993,   -0.003344508688,   1.066616329e-12,   0.0002459430791,   -0.002811142215,   0.0007533602814,   -0.003344508688,  -0.0002926065993,      -0.388401946
          0,           0,          77,      -4.660255387,      -7.659821838,     -0.7868218447,      -1.395404205,       -2.43758084,       2.824298771,      -4.356589019,   0.0007759756663,  -0.0003002697797,   -0.003432099236,   1.137810451e-12,    0.000252291619,   -0.002883706355,   0.0007759756663,   -0.003432099236,  -0.0003002697797,     -0.3869577265
          0,           0,          78,      -4.661619418,      -7.661185872,     -0.7886485214,      -1.386023701,      -2.428212471,       2.822950952,      -4.317875897,   0.0007990743172,  -0.0003080291049,   -0.003520788726,   1.212455684e-12,   0.0002587049315,    -0.00295701085,   0.0007990743172,   -0.003520788726,  -0.0003080291049,     -0.3854824242
          0,           0,          79,      -4.663188909,      -7.662755367,     -0.7906797652,      -1.377203627,      -2.419405705,       2.821399728,      -4.267092636,   0.0008226562679,  -0.0003158790399,    -0.00361051389,   1.290521348e-12,   0.0002651765673,   -0.003030981982,   0.0008226562679,    -0.00361051389,  -0.0003158790399,      -0.383974513
          0,           0,          80,      -4.664998007,      -7.664564469,     -0.7929513187,      -1.368923692,      -2.411140661,       2.819611134,      -4.203790832,   0.0008467216573,  -0.0003238139546,   -0.003701210377,   1.371934492e-12,   0.0002717000625,    -0.00310554587,   0.0008467216573,   -0.003701210377,  -0.0003238139546,     -0.3824325879
          0,           0,          81,      -4.667078311,       -7.66664478,      -0.795496597,      -1.361161829,      -2.403395187,       2.817553614,        -4.1288797,   0.0008712707956,  -0.0003318281588,   -0.003792813147,   1.456573158e-12,   0.0002782689678,   -0.003180628798,   0.0008712707956,   -0.003792813147,  -0.0003318281588,     -0.3808553672
          0,           0,          82,      -4.669458649,      -7.669025125,     -0.7983464659,      -1.353894028,      -2.396144996,       2.815198245,      -4.044313987,   0.0008963042615,  -0.0003399159523,   -0.003885257045,   1.544273841e-12,   0.0002848768764,   -0.003256157535,   0.0008963042615,   -0.003885257045,  -0.0003399159523,     -0.3792417005
          0,           0,          83,      -4.672165171,      -7.671731657,     -0.8015291937,       -1.34709772,      -2.389367375,       2.812518636,      -3.952467479,   0.0009218122377,  -0.0003480714547,    -0.00397847486,    1.63482927e-12,   0.0002915173657,   -0.003332058671,   0.0009218122377,    -0.00397847486,  -0.0003480714547,     -0.3775947427
          0,           0,          84,       -4.67522141,      -7.674787907,     -0.8050704659,      -1.340751814,      -2.383040792,       2.809490878,       -3.85578654,   0.0009477514405,   -0.000356288056,   -0.004072391039,   1.727990562e-12,   0.0002981838968,   -0.003408257467,   0.0009477514405,   -0.004072391039,   -0.000356288056,     -0.3759298491
          0,           0,          85,      -4.678648476,      -7.678214984,     -0.8089934109,      -1.334838549,      -2.377147296,       2.806093342,      -3.757138205,   0.0009740490294,  -0.0003645580003,    -0.00416691693,   1.823471442e-12,   0.0003048696899,   -0.003484676428,   0.0009740490294,    -0.00416691693,  -0.0003645580003,     -0.3742706879
          0,           0,          86,      -4.682464981,      -7.682031503,     -0.8133185715,      -1.329342252,      -2.371670849,       2.802306761,      -3.658868075,    0.001000640612,  -0.0003728729856,   -0.004261957643,   1.920953757e-12,   0.0003115677831,    -0.00356123598,    0.001000640612,   -0.004261957643,  -0.0003728729856,     -0.3726342716
          0,           0,          87,      -4.686687314,      -7.686253851,     -0.8180640349,      -1.324252564,      -2.366600849,       2.798113955,      -3.562413972,    0.001027494551,  -0.0003812249095,   -0.004357420566,   2.020099601e-12,    0.000318271055,   -0.003637854725,    0.001027494551,   -0.004357420566,  -0.0003812249095,     -0.3710237775
          0,           0,          88,      -4.691329131,      -7.690895685,     -0.8232451563,      -1.319560585,      -2.361928148,       2.793500337,      -3.468299052,    0.001054592453,  -0.0003896058665,   -0.004453215337,   2.120547715e-12,   0.0003249721944,   -0.003714449094,    0.001054592453,   -0.004453215337,  -0.0003896058665,      -0.369437374
          0,           0,          89,      -4.696401356,      -7.695967928,     -0.8288742439,      -1.315262899,      -2.357649175,       2.788453907,      -3.376594727,    0.001081918488,    -0.00039800758,   -0.004549247357,   2.221900724e-12,   0.0003316635106,   -0.003790931185,    0.001081918488,   -0.004549247357,    -0.00039800758,     -0.3678720571
          0,           0,          90,      -4.701911303,      -7.701477894,     -0.8349597321,      -1.311358483,      -2.353762774,       2.782966126,      -3.287182074,    0.001109468652,  -0.0004064218886,   -0.004645423341,   2.323778814e-12,   0.0003383369515,   -0.003867208958,    0.001109468652,   -0.004645423341,  -0.0004064218886,     -0.3663212005
          0,           0,          91,      -4.707861539,       -7.70742815,     -0.8415049022,      -1.307849031,       -2.35027059,       2.777033035,      -3.199813537,    0.001137242772,  -0.0004148404454,   -0.004741647881,   2.425800253e-12,    0.000344983981,    -0.00394318485,    0.001137242772,   -0.004741647881,  -0.0004148404454,     -0.3647773859
          0,           0,          92,      -4.714248411,      -7.713815044,     -0.8485061093,       -1.30473999,      -2.347178096,       2.770656717,      -3.114220299,     0.00116524242,  -0.0004232544904,    -0.00483782085,   2.527525769e-12,    0.000351595439,   -0.004018754157,     0.00116524242,    -0.00483782085,  -0.0004232544904,     -0.3632329917
          0,           0,          93,      -4.721059361,      -7.720626016,     -0.8559499438,      -1.302038021,      -2.344491989,       2.763847974,      -3.030140605,    0.001193475519,  -0.0004316552389,   -0.004933841841,   2.628524306e-12,   0.0003581615218,   -0.004093804823,    0.001193475519,   -0.004933841841,  -0.0004316552389,     -0.3616791731
          0,           0,          94,      -4.728269321,      -7.727835998,     -0.8638092066,      -1.299750777,      -2.342220063,       2.756629925,      -2.947327756,    0.001221945256,  -0.0004400329199,   -0.005029599168,   2.728345949e-12,   0.0003646715331,   -0.004168214588,    0.001221945256,   -0.005029599168,  -0.0004400329199,     -0.3601085382
          0,           0,          95,      -4.735835781,      -7.735402479,     -0.8720372778,      -1.297886647,      -2.340370976,       2.749042961,      -2.865588687,    0.001250652745,  -0.0004483768383,   -0.005124970587,   2.826562177e-12,   0.0003711137663,   -0.004241849647,    0.001250652745,   -0.005124970587,  -0.0004483768383,      -0.358514256
          0,           0,          96,      -4.743691776,      -7.743258495,     -0.8805604256,      -1.296452655,      -2.338952024,         2.7411518,       -2.78474728,    0.001279599377,  -0.0004566732167,   -0.005219798621,   2.923249865e-12,   0.0003774721619,   -0.004314526438,    0.001279599377,   -0.005219798621,  -0.0004566732167,     -0.3568876516
          0,           0,          97,      -4.751738024,       -7.75130476,     -0.8892688345,      -1.295456261,       -2.33797132,       2.733053525,      -2.704652911,    0.001308780981,  -0.0004649076411,   -0.005313918519,   3.017386934e-12,   0.0003837306528,   -0.004386061312,    0.001308780981,   -0.005313918519,  -0.0004649076411,     -0.3552218803
          0,           0,          98,      -4.759830027,      -7.759396775,     -0.8980021821,      -1.294900094,      -2.337431789,       2.724890535,       -2.62518496,    0.001338197279,    -0.00047306541,   -0.005407162239,   3.108031393e-12,   0.0003898723623,    -0.00445626137,    0.001338197279,   -0.005407162239,    -0.00047306541,     -0.3535094694
          0,           0,          99,      -4.767760081,      -7.767326835,     -0.9065299746,      -1.294777383,      -2.337326954,       2.716868963,      -2.546236702,    0.001367835566,  -0.0004811265386,   -0.005499301357,   3.195672705e-12,   0.0003958744199,   -0.004524865198,    0.001367835566,   -0.005499301357,  -0.0004811265386,     -0.3517429656
          0,           0,         100,      -4.775235666,      -7.774802417,     -0.9145279237,      -1.295068576,       -2.33763794,       2.709280988,      -2.467723053,    0.001397685927,  -0.0004890719647,   -0.005590117988,   3.281366991e-12,   0.0004017154033,   -0.004591627941,    0.001397685927,   -0.005590117988,  -0.0004890719647,     -0.3499154963
          0,           0,         101,      -4.781911261,      -7.781477996,      -0.921615848,      -1.295715693,      -2.338309069,        2.70247543,      -2.389573188,    0.001427740069,  -0.0004968827372,   -0.005679395523,   3.366089423e-12,   0.0004073738876,    -0.00465630471,    0.001427740069,   -0.005679395523,  -0.0004968827372,     -0.3480204471
          0,           0,         102,      -4.787469335,      -7.787036039,     -0.9274430296,      -1.296675374,      -2.339296943,       2.696775985,      -2.311728314,    0.001457986347,  -0.0005045380671,    -0.00576689634,   3.449906898e-12,   0.0004128266202,   -0.004718629725,    0.001457986347,    -0.00576689634,  -0.0005045380671,     -0.3460512976
          0,           0,         103,       -4.79159741,       -7.79116407,     -0.9316665088,        -1.2979026,      -2.340554961,       2.692503578,      -2.234138627,    0.001488416467,  -0.0005120191722,   -0.005852405759,   3.533153609e-12,   0.0004180526195,   -0.004778363167,    0.001488416467,   -0.005852405759,  -0.0005120191722,     -0.3440026252
          0,           0,         104,      -4.794007927,      -7.793574526,     -0.9339767514,      -1.299335873,      -2.342018786,       2.689956515,      -2.156764922,    0.001519022755,  -0.0005193066343,   -0.005935701827,   3.616080091e-12,   0.0004230304365,   -0.004835259874,    0.001519022755,   -0.005935701827,  -0.0005193066343,     -0.3418688973
          0,           0,         105,      -4.794541291,      -7.794107815,     -0.9342104014,      -1.300924212,      -2.343635355,       2.689306455,      -2.079573747,    0.001549801141,  -0.0005263833251,   -0.006016588769,    3.69863118e-12,   0.0004277412468,   -0.004889104679,    0.001549801141,   -0.006016588769,  -0.0005263833251,     -0.3396457204
          0,           0,         106,      -4.793094455,       -7.79266089,      -0.932273111,      -1.302610365,      -2.345344871,       2.690667243,      -2.002538438,    0.001580748073,   -0.000533231928,   -0.006094868654,   3.780989035e-12,   0.0004321661376,   -0.004939681409,    0.001580748073,   -0.006094868654,   -0.000533231928,      -0.337328849
          0,           0,         107,      -4.789641866,      -7.789208204,     -0.9281609509,       -1.30433547,      -2.347085731,       2.694073077,      -1.925637414,    0.001611861787,  -0.0005398357891,   -0.006170351129,   3.856642486e-12,   0.0004362868425,   -0.004986781278,    0.001611861787,   -0.006170351129,  -0.0005398357891,     -0.3349144408
          0,           0,         108,      -4.784231516,       -7.78379775,     -0.9219555994,      -1.306021222,      -2.348777321,       2.699482298,      -1.848853136,    0.001643144107,  -0.0005461793301,   -0.006242858131,   3.927732919e-12,   0.0004400861088,   -0.005030207088,    0.001643144107,   -0.006242858131,  -0.0005461793301,     -0.3323989221
          0,           0,         109,      -4.776963068,      -7.776529196,     -0.9137944649,      -1.307592427,      -2.350340909,       2.706797604,      -1.772171785,    0.001674593028,  -0.0005522448572,   -0.006312187419,   3.994158596e-12,   0.0004435442227,   -0.005069733508,    0.001674593028,   -0.006312187419,  -0.0005522448572,      -0.329778548
          0,           0,         110,      -4.767986493,      -7.767552515,     -0.9038665218,      -1.308964605,      -2.351687726,        2.71586819,      -1.695582493,     0.00170621195,  -0.0005580173948,   -0.006378167823,   4.055701204e-12,   0.0004466447172,   -0.005105172321,     0.00170621195,   -0.006378167823,  -0.0005580173948,     -0.3270504551
          0,           0,         111,      -4.757477796,      -7.757043716,     -0.8923842222,      -1.310053931,      -2.352727617,       2.726514325,      -1.619077059,    0.001738006996,  -0.0005634826499,   -0.006440635972,    4.11218633e-12,   0.0004493717541,   -0.005136342492,    0.001738006996,   -0.006440635972,  -0.0005634826499,     -0.3242119573
          0,           0,         112,       -4.73142045,      -7.730986254,     -0.8644034206,      -1.308402138,      -2.351157019,       2.753012478,      -1.542649486,    0.001769834692,  -0.0005685435988,    -0.00649848288,   4.163479648e-12,   0.0004516087922,   -0.005161911953,    0.001769834692,    -0.00649848288,  -0.0005685435988,     -0.3212410748
          0,           0,         113,      -4.686935686,      -7.686501419,     -0.8173902339,       -1.30142843,       -2.34451527,       2.798280406,       -1.46629572,     0.00180158191,  -0.0005731193796,   -0.006550784292,   4.208352217e-12,   0.0004532586217,   -0.005180769589,     0.00180158191,   -0.006550784292,  -0.0005731193796,     -0.3181200791
          0,           0,         114,      -4.634487658,      -7.634053367,     -0.7626933391,      -1.289736922,      -2.333288699,        2.85151053,      -1.390013763,     0.00183312845,  -0.0005771252976,   -0.006596572142,   4.254968312e-12,   0.0004542327889,    -0.00519190437,     0.00183312845,   -0.006596572142,  -0.0005771252976,     -0.3148308006
          0,           0,         115,      -4.584942004,      -7.584507726,     -0.7115777434,      -1.275188115,      -2.319149389,       2.901683646,      -1.313803498,    0.001864504936,  -0.0005805586359,   -0.006635815376,   4.298295248e-12,     0.00045452511,   -0.005195245614,    0.001864504936,   -0.006635815376,  -0.0005805586359,     -0.3113741479
          0,           0,         116,      -4.535369423,      -7.534935171,     -0.6607959079,      -1.257264109,      -2.301593041,       2.951761473,      -1.237666191,    0.001895575281,  -0.0005833251973,   -0.006667437315,   4.338020793e-12,   0.0004540348006,    -0.00518964135,    0.001895575281,   -0.006667437315,  -0.0005833251973,      -0.307729903
          0,           0,         117,      -4.490458258,      -7.490024042,     -0.6150515535,      -1.237917435,      -2.281692035,       2.997042068,      -1.161604677,    0.001926286165,  -0.0005853767297,   -0.006690886435,   4.363503914e-12,   0.0004527008209,   -0.005174393892,    0.001926286165,   -0.006690886435,  -0.0005853767297,     -0.3038887681
          0,           0,         118,      -4.452097915,      -7.451663737,     -0.5761445667,      -1.218989689,       -2.26197755,       3.035654959,       -1.08562293,    0.001956709803,  -0.0005867346025,   -0.006706406991,   4.374702276e-12,   0.0004505657579,   -0.005149990011,    0.001956709803,   -0.006706406991,  -0.0005867346025,     -0.2998577518
          0,           0,         119,      -4.418877153,      -7.418443012,     -0.5425470792,      -1.200872423,       -2.24259822,       3.069044724,      -1.009726689,    0.001986844861,  -0.0005873804578,    -0.00671378915,   4.383873805e-12,    0.000447617842,   -0.005116295178,    0.001986844861,    -0.00671378915,  -0.0005873804578,     -0.2956347873
          0,           0,         120,       -4.39132398,      -7.390889876,     -0.5147455296,      -1.184616436,      -2.224974495,       3.096704613,     -0.9339237334,    0.002016798251,  -0.0005873564133,   -0.006713514319,   4.389573879e-12,    0.000443899226,   -0.005073791202,    0.002016798251,   -0.006713514319,  -0.0005873564133,     -0.2912321117
          0,           0,         121,      -4.367653845,      -7.367219773,      -0.490896242,      -1.169908346,      -2.208819743,       3.120434947,     -0.8582246481,     0.00204658199,  -0.0005866533126,    -0.00670547784,   4.383887832e-12,    0.000439421814,    -0.00502261415,     0.00204658199,    -0.00670547784,  -0.0005866533126,     -0.2866502859
          0,           0,         122,      -4.348910375,      -7.348476335,      -0.472045892,      -1.157665285,      -2.195293555,       3.139202738,     -0.7826442683,    0.002076442284,  -0.0005853924098,   -0.006691065655,   4.377601933e-12,   0.0004343196532,   -0.004964296187,    0.002076442284,   -0.006691065655,  -0.0005853924098,     -0.2819208674
          0,           0,         123,      -4.334021839,      -7.333587828,     -0.4570909119,      -1.147716846,      -2.184214108,       3.154083202,     -0.7072042437,     0.00210649373,  -0.0005836271419,    -0.00667088855,   4.361977113e-12,   0.0004286688792,   -0.004899707545,     0.00210649373,    -0.00667088855,  -0.0005836271419,     -0.2770609443
          0,           0,         124,      -4.322283126,      -7.321849142,     -0.4453131939,       -1.13978925,      -2.175306088,       3.165789892,     -0.6319406783,    0.002136853757,  -0.0005814150792,   -0.006645604557,    4.34648107e-12,   0.0004225441929,   -0.004829702062,    0.002136853757,   -0.006645604557,  -0.0005814150792,      -0.272089317
          0,           0,         125,      -4.313826317,       -7.31339236,     -0.4368450876,      -1.134060694,      -2.168788398,       3.174194303,     -0.5569056128,     0.00216771226,  -0.0005788634239,   -0.006616439003,   4.331234206e-12,   0.0004160574999,   -0.004755558823,     0.00216771226,   -0.006616439003,  -0.0005788634239,     -0.2670388661
          0,           0,         126,      -4.307823591,      -7.307389657,     -0.4308451936,      -1.130137524,      -2.164184798,       3.180126377,     -0.4821948417,    0.002199096231,  -0.0005760069428,   -0.006583789274,   4.309563882e-12,   0.0004092607342,   -0.004677871436,    0.002199096231,   -0.006583789274,  -0.0005760069428,     -0.2619289392
          0,           0,         127,      -4.303896678,      -7.303462766,     -0.4269320081,      -1.127779623,      -2.161301572,       3.183969012,     -0.4079814576,    0.002231076558,  -0.0005728974144,   -0.006548247202,   4.288942758e-12,   0.0004022172448,   -0.004597363987,    0.002231076558,   -0.006548247202,  -0.0005728974144,     -0.2567807063
          0,           0,         128,      -4.302054942,      -7.301621051,     -0.4251171119,      -1.126970263,      -2.160109245,       3.185715278,     -0.3344410071,    0.002263767616,  -0.0005696178398,   -0.006510761492,   4.269622835e-12,    0.000395007914,   -0.004514960959,    0.002263767616,   -0.006510761492,  -0.0005696178398,     -0.2516238132
          0,           0,         129,      -4.301896985,      -7.301463113,     -0.4249942852,      -1.127465727,      -2.160301181,       3.185767945,     -0.2618334612,    0.002297253006,  -0.0005662086444,    -0.00647179421,   4.246431263e-12,   0.0003876783899,   -0.004431184118,    0.002297253006,    -0.00647179421,  -0.0005662086444,     -0.2464720441
          0,           0,         130,      -4.303165117,      -7.302731262,     -0.4263042986,      -1.129070614,      -2.161701074,       3.184386953,     -0.1901926741,    0.002331616156,  -0.0005627088087,   -0.006431790904,   4.225303601e-12,    0.000380272856,   -0.004346538479,    0.002331616156,   -0.006431790904,  -0.0005627088087,      -0.241338527
          0,           0,         131,      -4.305723195,      -7.305289355,     -0.4289117174,      -1.131644173,      -2.164169853,       3.181710823,      -0.119538248,    0.002366957843,  -0.0005591675244,    -0.00639131384,   4.206495247e-12,    0.000372839443,   -0.004261574181,    0.002366957843,    -0.00639131384,  -0.0005591675244,      -0.236238903
          0,           0,         132,      -4.309485778,      -7.309051952,     -0.4327319401,      -1.135088279,      -2.167575056,       3.177826155,    -0.04989215792,    0.002403371603,  -0.0005556307494,   -0.006350888316,   4.185778079e-12,   0.0003654206818,   -0.004176777354,    0.002403371603,   -0.006350888316,  -0.0005556307494,     -0.2311880313
          0,           0,         133,      -4.314268526,      -7.313834712,     -0.4375805172,      -1.139219828,      -2.171700556,       3.172918049,     0.01872112637,    0.002440914843,   -0.000552125408,   -0.006310822079,   4.168021603e-12,   0.0003580441685,   -0.004092463423,    0.002440914843,   -0.006310822079,   -0.000552125408,     -0.2261960959
          0,           0,         134,      -4.320053417,      -7.319619609,     -0.4434535128,      -1.143538505,      -2.176113081,       3.167003109,     0.08627458968,     0.00247966449,  -0.0005486901137,   -0.006271556485,     4.1532011e-12,   0.0003507438177,   -0.004009020033,     0.00247966449,   -0.006271556485,  -0.0005486901137,     -0.2212759492
          0,           0,         135,      -4.326111853,      -7.325678049,     -0.4496100845,      -1.147753808,      -2.180532318,       3.160828613,      0.1527386415,    0.002519663271,   -0.000545345706,   -0.006233329729,   4.141314315e-12,   0.0003435419209,   -0.003926701977,    0.002519663271,   -0.006233329729,   -0.000545345706,     -0.2164359469
          0,           0,         136,      -4.332591478,      -7.332157675,     -0.4562014769,      -1.151911937,      -2.184954169,       3.154243165,      0.2180811583,    0.002560965435,  -0.0005421205131,   -0.006196465605,   4.128786627e-12,   0.0003364622805,   -0.003845781318,    0.002560965435,   -0.006196465605,  -0.0005421205131,     -0.2116859938
          0,           0,         137,      -4.339230556,       -7.33879675,     -0.4629685839,      -1.155637608,      -2.188994748,       3.147513604,      0.2822675881,    0.002603597394,  -0.0005390287978,   -0.006161127136,   4.119373918e-12,   0.0003295186264,    -0.00376641499,    0.002603597394,   -0.006161127136,  -0.0005390287978,     -0.2070323158
          0,           0,         138,      -4.345823475,      -7.345389664,     -0.4696968082,      -1.159054286,      -2.192753181,       3.140854849,       0.345261117,    0.002647611017,  -0.0005361001968,   -0.006127653072,   4.113106911e-12,   0.0003227331333,    -0.00368885645,    0.002647611017,   -0.006127653072,  -0.0005361001968,     -0.2024845014
          0,           0,         139,      -4.352546014,      -7.352112198,     -0.4765618655,      -1.162355367,      -2.196366537,       3.134083826,      0.4070229564,      0.0026930421,  -0.0005333569602,   -0.006096297733,   4.109918578e-12,   0.0003161226568,   -0.003613298359,      0.0026930421,   -0.006096297733,  -0.0005333569602,     -0.1980499897
          0,           0,         140,      -4.359223818,      -7.358789994,     -0.4833846113,      -1.165512412,      -2.199778513,       3.127375847,      0.4675127155,    0.002739891048,     -0.0005308034,   -0.006067110405,   4.109743402e-12,   0.0003096937507,   -0.003539815627,    0.002739891048,   -0.006067110405,     -0.0005308034,     -0.1937315721
          0,           0,         141,      -4.365953843,      -7.365520011,     -0.4902578955,      -1.168767989,      -2.203158255,       3.120630963,      0.5266888512,     0.00278815884,  -0.0005284457676,   -0.006040162541,   4.109817299e-12,   0.0003034522881,   -0.003468475384,     0.00278815884,   -0.006040162541,  -0.0005284457676,       -0.18953216
          0,           0,         142,      -4.372895405,      -7.372461565,     -0.4973458047,      -1.172138002,      -2.206352948,       3.113683034,      0.5845092443,    0.002837851849,  -0.0005262949567,   -0.006015578658,   4.112269663e-12,   0.0002974056759,   -0.003399362291,    0.002837851849,   -0.006015578658,  -0.0005262949567,     -0.1854554025
          0,           0,         143,      -4.380033281,      -7.379599428,     -0.5046346992,      -1.175560675,      -2.209360433,       3.106546878,      0.6409318699,    0.002888981147,  -0.0005243661551,   -0.005993532352,    4.11807858e-12,   0.0002915632035,   -0.003332582526,    0.002888981147,   -0.005993532352,  -0.0005243661551,     -0.1815055649
          0,           0,         144,      -4.387357648,      -7.386923778,      -0.512108128,      -1.179232668,      -2.212468252,       3.099232267,       0.695915506,    0.002941550329,  -0.0005226721614,   -0.005974169914,   4.126933812e-12,   0.0002859324875,   -0.003268223148,    0.002941550329,   -0.005974169914,  -0.0005226721614,     -0.1776859489
          0,           0,         145,      -4.394945835,      -7.394511935,     -0.5198464924,      -1.183125652,       -2.21554349,       3.091657249,      0.7494205214,    0.002995551116,  -0.0005212209783,   -0.005957582813,   4.137941731e-12,   0.0002805179997,    -0.00320633527,    0.002995551116,   -0.005957582813,  -0.0005212209783,     -0.1739983589
          0,           0,         146,      -4.402646935,      -7.402212973,     -0.5276958543,      -1.187141452,      -2.218541913,        3.08397288,       0.801409628,    0.003050939515,  -0.0005200026657,   -0.005943657433,   4.150395902e-12,   0.0002753152188,   -0.003146867213,    0.003050939515,   -0.005943657433,  -0.0005200026657,     -0.1704401753
          0,           0,         147,      -4.410491222,      -7.410057127,     -0.5356851797,      -1.191341202,      -2.221669506,       3.076147984,      0.8518486424,    0.003107679075,  -0.0005190131228,   -0.005932346906,   4.143872069e-12,   0.0002703217504,   -0.003089791608,    0.003107679075,   -0.005932346906,  -0.0005190131228,     -0.1670098843
          0,           0,         148,      -4.418550107,      -7.418115725,       -0.54388449,      -1.195832555,      -2.225083732,       3.068109448,      0.9007066498,    0.003165749608,  -0.0005182589337,   -0.005923726483,   4.138745995e-12,   0.0002655403456,   -0.003035139903,    0.003165749608,   -0.005923726483,  -0.0005182589337,     -0.1637081254
          0,           0,         149,      -4.426857523,      -7.426422515,     -0.5523311205,       -1.20053811,      -2.228638592,       3.059820186,      0.9479550598,    0.003225123829,  -0.0005177447567,   -0.005917849412,   4.135528089e-12,   0.0002609724755,   -0.002982928909,    0.003225123829,   -0.005917849412,  -0.0005177447567,     -0.1605348458
          0,           0,         150,      -4.435453019,      -7.435016674,      -0.561061846,      -1.205559164,      -2.232560066,       3.051238903,      0.9935666295,    0.003285768547,  -0.0005174738201,   -0.005914752591,   4.133951935e-12,   0.0002566188811,   -0.002933167098,    0.003285768547,   -0.005914752591,  -0.0005174738201,     -0.1574894314
          0,           0,         151,      -4.444394447,      -7.443955314,     -0.5701374463,      -1.210853166,      -2.236836711,       3.042304469,       1.037520693,    0.003347645121,  -0.0005174476032,    -0.00591445293,   4.133815619e-12,   0.0002524792915,   -0.002885851373,    0.003347645121,    -0.00591445293,  -0.0005174476032,     -0.1545706263
          0,           0,         152,      -4.453628716,      -7.453183909,     -0.5795037424,       -1.21637322,      -2.241442834,       3.033070244,       1.079805034,    0.003410710925,   -0.000517666207,   -0.005916951581,   4.134877871e-12,   0.0002485526964,   -0.002840970187,    0.003410710925,   -0.005916951581,   -0.000517666207,     -0.1517766291
          0,           0,         153,      -4.462937841,       -7.46248176,     -0.5889392427,      -1.221943487,      -2.246143253,       3.023754742,       1.120414608,    0.003474880734,  -0.0005181069198,    -0.00592198895,   4.134965455e-12,   0.0002448276982,   -0.002798393262,    0.003474880734,    -0.00592198895,  -0.0005181069198,     -0.1491006338
          0,           0,         154,      -4.472399924,      -7.471921855,     -0.5985221788,      -1.227622538,      -2.251070118,        3.01427997,       1.159351429,    0.003540106664,  -0.0005187679897,   -0.005929545013,   4.136082435e-12,   0.0002413022754,   -0.002758097496,    0.003540106664,   -0.005929545013,  -0.0005187679897,     -0.1465402144
          0,           0,         155,      -4.482023174,      -7.481502753,      -0.608260834,      -1.233386976,       -2.25621097,       3.004636603,        1.19662429,    0.003606341908,  -0.0005196485177,   -0.005939609493,   4.138143849e-12,   0.0002379747823,   -0.002720064076,    0.003606341908,   -0.005939609493,  -0.0005196485177,     -0.1440929704
          0,           0,         156,      -4.491793793,      -7.491192244,     -0.6181415344,      -1.239188223,      -2.261522417,       2.994838079,        1.23224833,    0.003673538099,  -0.0005207468266,   -0.005952163219,   4.141007515e-12,   0.0002348432224,   -0.002684270183,    0.003673538099,   -0.005952163219,  -0.0005207468266,     -0.1417562068
          0,           0,         157,      -4.501664322,      -7.500907101,     -0.6281173182,      -1.244933112,      -2.266901405,       2.984932465,       1.266244462,    0.003741645397,  -0.0005220604279,    -0.00596717775,   4.144410885e-12,   0.0002319052575,   -0.002650689091,    0.003741645397,    -0.00596717775,  -0.0005220604279,     -0.1395269654
          0,           0,         158,      -4.511562827,      -7.510504812,     -0.6381145995,      -1.250556435,      -2.272256761,        2.97499309,       1.298638695,    0.003810613114,  -0.0005235861839,   -0.005984617218,   4.148559826e-12,   0.0002291583246,   -0.002619291506,    0.003810613114,   -0.005984617218,  -0.0005235861839,     -0.1374020842
          0,           0,         159,      -4.521474874,      -7.519830303,     -0.6481168156,      -1.256059394,       -2.27761847,       2.965034454,       1.329461388,    0.003880389808,  -0.0005253203514,   -0.006004438842,   4.153433611e-12,   0.0002265997177,   -0.002590046495,    0.003880389808,   -0.006004438842,  -0.0005253203514,     -0.1353782422
          0,           0,         160,      -4.531348875,      -7.528553722,     -0.6580702831,      -1.261402582,      -2.282937529,       2.955108387,       1.358746463,    0.003950916725,  -0.0005272550184,   -0.006026552186,   4.156544024e-12,   0.0002242250484,   -0.002562903901,    0.003950916725,   -0.006026552186,  -0.0005272550184,     -0.1334513115
          0,           0,         161,      -4.541074393,      -7.536027344,     -0.6678607053,      -1.266522141,      -2.288142078,       2.945325866,       1.386530614,    0.004022122035,  -0.0005293748209,   -0.006050781638,   4.160156243e-12,   0.0002220269944,   -0.002537780029,    0.004022122035,   -0.006050781638,  -0.0005293748209,     -0.1316158029
          0,           0,         162,      -4.550646641,      -7.541247512,     -0.6774829096,      -1.271389915,      -2.293196914,       2.935692251,       1.412852534,    0.004093949906,    -0.00053167298,   -0.006077049716,   4.164295516e-12,   0.0002200019283,   -0.002514633418,    0.004093949906,   -0.006077049716,    -0.00053167298,      -0.129867974
          0,           0,         163,      -4.560013547,      -7.542424944,     -0.6868863967,      -1.275893149,      -2.297954976,       2.926260465,       1.437752205,    0.004166348935,  -0.0005341452581,   -0.006105307982,    4.16881453e-12,   0.0002181473578,    -0.00249343558,    0.004166348935,   -0.006105307982,  -0.0005341452581,     -0.1282046383
          0,           0,         164,      -4.569094231,      -7.536752579,     -0.6959852768,      -1.280038614,      -2.302432321,       2.917113659,       1.461270268,    0.004239268462,  -0.0005367877331,   -0.006135511609,   4.173916285e-12,   0.0002164612764,   -0.002474163581,    0.004239268462,   -0.006135511609,  -0.0005367877331,      -0.126622727
          0,           0,         165,      -4.577856946,      -7.520554244,     -0.7047447823,      -1.283836854,      -2.306630729,       2.908284373,       1.483447513,    0.004312656824,  -0.0005395961699,   -0.006167612188,   4.179602983e-12,   0.0002149419592,   -0.002456797706,    0.004312656824,   -0.006167612188,  -0.0005395961699,     -0.1251191996
          0,           0,         166,        -4.5862777,      -7.490099105,     -0.7131385537,       -1.28729309,      -2.310539502,       2.899797198,       1.504324484,    0.004386459878,  -0.0005425653699,   -0.006201550297,   4.185855138e-12,   0.0002135866189,   -0.002441306096,    0.004386459878,   -0.006201550297,  -0.0005425653699,     -0.1236909455
          0,           0,         167,      -4.593899558,       -7.44304472,     -0.7206977259,      -1.290208822,      -2.313974476,       2.892124986,       1.523941239,    0.004460661188,  -0.0005457112619,   -0.006237508007,   4.192662314e-12,   0.0002124184218,   -0.002427953542,    0.004460661188,   -0.006237508007,  -0.0005457112619,     -0.1223386487
          0,           0,         168,      -4.601066053,       -7.38056247,     -0.7277708925,      -1.292806929,      -2.317104867,       2.884912151,       1.542337242,    0.004535199702,  -0.0005490261425,   -0.006275397264,   4.200121936e-12,   0.0002114326628,   -0.002416686266,    0.004535199702,   -0.006275397264,  -0.0005490261425,     -0.1210588681
          0,           0,         169,      -4.607750216,      -7.306216457,     -0.7343297191,      -1.295087218,      -2.319906359,       2.878186099,       1.559551393,    0.004610001808,  -0.0005524960404,   -0.006315058377,   4.205098499e-12,   0.0002106207985,   -0.002407406614,    0.004610001808,   -0.006315058377,  -0.0005524960404,     -0.1198472503
          0,           0,         170,      -4.613573342,      -7.224547951,     -0.7399877793,      -1.296887218,      -2.322225775,       2.872340649,       1.575622165,    0.004685036127,  -0.0005561313791,   -0.006356610487,   4.210322294e-12,   0.0002100013966,   -0.002400326819,    0.004685036127,   -0.006356610487,  -0.0005561313791,     -0.1187037547
          0,           0,         171,      -4.617732137,      -7.139642232,     -0.7439387284,      -1.297708185,      -2.323641878,       2.868191613,         1.5905878,    0.004760228955,  -0.0005599204556,   -0.006399919829,   4.215992778e-12,   0.0002095700987,   -0.002395397061,    0.004760228955,   -0.006399919829,  -0.0005599204556,     -0.1176246901
          0,           0,         172,      -4.621301845,      -7.054679866,     -0.7472661544,      -1.298317096,      -2.324790763,       2.864644871,       1.604486452,    0.004835508265,  -0.0005638538528,   -0.006444878763,   4.227467077e-12,   0.0002093211108,   -0.002392551116,    0.004835508265,   -0.006444878763,  -0.0005638538528,     -0.1166069463
          0,           0,         173,      -4.624117676,      -6.971520997,       -0.74980468,      -1.298640545,      -2.325580269,       2.861870943,        1.61735637,    0.004910821452,  -0.0005679342989,   -0.006491518475,   4.238395479e-12,    0.000209264868,   -0.002391908258,    0.004910821452,   -0.006491518475,  -0.0005679342989,     -0.1156495516
          0,           0,         174,      -4.626204029,      -6.891270901,     -0.7515816438,      -1.298710476,      -2.326086894,       2.859844808,       1.629235699,    0.004986094879,  -0.0005721547202,    -0.00653975811,     4.2486156e-12,   0.0002094000329,   -0.002393453199,    0.004986094879,    -0.00653975811,  -0.0005721547202,     -0.1147500668
          0,           0,         175,        -4.6281146,      -6.814531294,     -0.7531586579,      -1.298838195,      -2.326575516,       2.857998715,       1.640162331,    0.005061228088,  -0.0005764951926,   -0.006589369935,     4.2615867e-12,   0.0002097129743,   -0.002397030136,    0.005061228088,   -0.006589369935,  -0.0005764951926,     -0.1139042111
          0,           0,         176,      -4.629429423,      -6.741550537,     -0.7541181997,      -1.298771157,      -2.326785798,       2.856764615,       1.650173459,    0.005136163581,  -0.0005809609009,   -0.006640413214,   4.276547286e-12,   0.0002102160295,   -0.002402780082,    0.005136163581,   -0.006640413214,  -0.0005809609009,     -0.1131118376
          0,           0,         177,      -4.630485848,      -6.672403578,     -0.7548026333,      -1.298695705,      -2.326926972,       2.855795118,       1.659304902,    0.005210793685,  -0.0005855314897,   -0.006692655281,   4.290456123e-12,   0.0002108953628,   -0.002410544897,    0.005210793685,   -0.006692655281,  -0.0005855314897,     -0.1123689643
          0,           0,         178,      -4.631565575,      -6.607039304,      -0.755495896,        -1.2987815,      -2.327156877,       2.854804581,       1.667590447,    0.005285016998,  -0.0005901927995,   -0.006745934295,   4.303300632e-12,   0.0002117416768,    -0.00242021831,    0.005285016998,   -0.006745934295,  -0.0005901927995,      -0.111672829
          0,           0,         179,      -4.632821051,       -6.54533204,     -0.7563531037,      -1.299101992,      -2.327548764,       2.853636322,       1.675061134,    0.005358713585,  -0.0005949232893,   -0.006800004039,   4.310616513e-12,   0.0002127393054,   -0.002431621256,    0.005358713585,   -0.006800004039,  -0.0005949232893,      -0.111019796
          0,           0,         180,      -4.634218883,      -6.487114213,     -0.7573428717,      -1.299638975,      -2.328067935,       2.852324756,       1.681744654,    0.005431772009,  -0.0005997104905,      -0.006854722,   4.317169975e-12,   0.0002138839426,    -0.00244470452,    0.005431772009,      -0.006854722,  -0.0005997104905,     -0.1104078908
          0,           0,         181,      -4.635874796,      -6.432200286,     -0.7585862689,      -1.300445619,      -2.328802359,       2.850751678,       1.687664633,    0.005504038085,  -0.0006045259879,   -0.006909763385,    4.32016864e-12,   0.0002151585909,   -0.002459273817,    0.005504038085,   -0.006909763385,  -0.0006045259879,     -0.1098331768
          0,           0,         182,      -4.637802473,      -6.380404798,     -0.7601039169,      -1.301525226,      -2.329763345,       2.848904051,       1.692839508,    0.005575351314,  -0.0006093466004,   -0.006964863238,   4.320040634e-12,    0.000216546763,   -0.002475140697,    0.005575351314,   -0.006964863238,  -0.0006093466004,     -0.1092929514
          0,           0,         183,      -4.639702094,      -6.331550656,      -0.761600212,      -1.302704097,      -2.330808272,       2.847087217,       1.697283687,    0.005645570373,  -0.0006141614973,   -0.007019897762,   4.316989636e-12,   0.0002180395624,   -0.002492203472,    0.005645570373,   -0.007019897762,  -0.0006141614973,     -0.1087864391
          0,           0,         184,      -4.641840231,      -6.285460785,     -0.7633388566,       -1.30414503,      -2.332070005,        2.84502932,       1.701009808,    0.005714541414,  -0.0006189567631,   -0.007074707901,   4.311057785e-12,   0.0002196294728,   -0.002510376231,    0.005714541414,   -0.007074707901,  -0.0006189567631,     -0.1083125868
          0,           0,         185,      -4.644282938,      -6.241961183,     -0.7653853408,      -1.305873037,      -2.333576439,       2.842662599,       1.704027849,    0.005782098854,  -0.0006237127828,   -0.007129069455,   4.302167783e-12,   0.0002213062184,   -0.002529541521,    0.005782098854,   -0.007129069455,  -0.0006237127828,      -0.107869616
          0,           0,         186,      -4.647065106,       -6.20088447,     -0.7677734663,      -1.307896736,       -2.33535179,         2.8399504,       1.706344815,    0.005848076452,  -0.0006284075532,   -0.007182730927,   4.289556052e-12,   0.0002230564008,   -0.002549546199,    0.005848076452,   -0.007182730927,  -0.0006284075532,     -0.1074554272
          0,           0,         187,      -4.650159806,       -6.16207236,     -0.7704781867,      -1.310193602,      -2.337370522,       2.836919685,       1.707963958,     0.00591229437,  -0.0006330148745,    -0.00723539285,   4.273555908e-12,   0.0002248664318,   -0.002570234948,     0.00591229437,    -0.00723539285,  -0.0006330148745,     -0.1070675502
          0,           0,         188,      -4.653535661,      -6.125378248,     -0.7734722006,      -1.312716393,       -2.33959262,       2.833604522,       1.708883979,    0.005974606462,  -0.0006375199158,   -0.007286885709,    4.25439916e-12,   0.0002267250587,   -0.002591479152,    0.005974606462,   -0.007286885709,  -0.0006375199158,     -0.1067049219
          0,           0,         189,       -4.65714109,       -6.09066874,     -0.7767027712,      -1.315452652,      -2.342010471,       2.830053117,       1.709098445,    0.006034884699,  -0.0006419175155,   -0.007337150505,   4.229685054e-12,   0.0002286281909,   -0.002613232053,    0.006034884699,   -0.007337150505,  -0.0006419175155,     -0.1063678177
          0,           0,         190,       -4.66098078,      -6.057824362,     -0.7801748422,      -1.318413511,      -2.344634741,       2.826257171,       1.708595463,    0.006092986653,  -0.0006461963927,   -0.007386058297,   4.199432009e-12,   0.0002305698441,   -0.002635425252,    0.006092986653,   -0.007386058297,  -0.0006461963927,     -0.1060557703
          0,           0,         191,      -4.664926262,      -6.026739543,     -0.7837649207,      -1.321565542,      -2.347439871,       2.822345425,       1.707357455,    0.006148688791,  -0.0006503164472,   -0.007433150736,   4.164751852e-12,   0.0002325353731,   -0.002657891352,    0.006148688791,   -0.007433150736,  -0.0006503164472,     -0.1057650613
          0,           0,         192,      -4.668824089,      -5.997322438,     -0.7873367624,       -1.32478481,      -2.350321299,       2.818480139,       1.705361098,    0.006201811989,  -0.0006542555054,   -0.007478174379,   4.126499409e-12,   0.0002345141102,   -0.002680508422,    0.006201811989,   -0.007478174379,  -0.0006542555054,     -0.1054942502
          0,           0,         193,      -4.672809218,      -5.969494561,     -0.7910227894,      -1.328154044,      -2.353358443,       2.814518347,       1.702577344,    0.006252202172,  -0.0006579996512,   -0.007520970164,   4.084971087e-12,   0.0002364963576,   -0.002703165615,    0.006252202172,   -0.007520970164,  -0.0006579996512,     -0.1052428621
          0,           0,         194,      -4.676935731,      -5.943190067,     -0.7948767677,      -1.331720147,      -2.356598261,       2.810399613,       1.698971045,     0.00629970403,  -0.0006615374919,   -0.007561407871,   4.040350462e-12,   0.0002384738494,   -0.002725768451,     0.00629970403,   -0.007561407871,  -0.0006615374919,     -0.1050108844
          0,           0,         195,      -4.681078248,      -5.918355286,      -0.798792451,      -1.335418113,      -2.359990196,       2.806252835,       1.694500323,    0.006344069131,  -0.0006648370474,   -0.007599121966,   3.987079308e-12,   0.0002404368099,   -0.002748205194,    0.006344069131,   -0.007599121966,  -0.0006648370474,     -0.1047966272
          0,           0,         196,      -4.685132443,      -5.894948433,     -0.8026835367,      -1.339143078,      -2.363424001,       2.802189868,       1.689117585,    0.006385084223,  -0.0006678769961,   -0.007633868741,   3.930170831e-12,   0.0002423800349,    -0.00277041636,    0.006385084223,   -0.007633868741,  -0.0006678769961,     -0.1045995593
          0,           0,         197,      -4.689217682,      -5.872939406,     -0.8066631318,      -1.342980461,      -2.366991143,        2.79807844,        1.68276746,    0.006422584038,  -0.0006706506051,    -0.00766557124,   3.870019956e-12,   0.0002442977554,   -0.002792336006,    0.006422584038,    -0.00766557124,  -0.0006706506051,     -0.1044206819
          0,           0,         198,      -4.693196252,      -5.852309558,     -0.8106306564,      -1.346801939,      -2.370588113,       2.794065365,       1.675381367,    0.006456271959,  -0.0006731245401,    -0.00769384845,   3.806995234e-12,   0.0002461793895,   -0.002813843185,    0.006456271959,    -0.00769384845,  -0.0006731245401,     -0.1042590127
          0,           0,         199,      -4.697144244,      -5.833051894,     -0.8146652806,       -1.35060744,       -2.37420665,       2.790070048,       1.666887746,    0.006485929563,  -0.0006752837824,   -0.007718528707,   3.737311863e-12,   0.0002480174968,    -0.00283485285,    0.006485929563,   -0.007718528707,  -0.0006752837824,      -0.104115189
          0,           0,         200,      -4.700957709,       -5.81517129,     -0.8186924712,      -1.354307399,      -2.377763304,       2.786198816,       1.657185921,    0.006511217966,  -0.0006770923847,    -0.00773920113,   3.664764624e-12,   0.0002498016583,   -0.002855245912,    0.006511217966,    -0.00773920113,  -0.0006770923847,     -0.1039885914
          0,           0,         201,      -4.704605589,      -5.798684966,      -0.822705736,      -1.357771234,       -2.38115323,       2.782490968,       1.646179471,    0.006531878681,  -0.0006785345885,   -0.007755685599,   3.590195826e-12,   0.0002515246725,   -0.002874940056,    0.006531878681,   -0.007755685599,  -0.0006785345885,      -0.103880464
          0,           0,         202,      -4.708019122,      -5.783624094,     -0.8266536604,      -1.360973514,      -2.384334329,       2.779009733,       1.633714889,     0.00654744272,   -0.000679570338,   -0.007767524276,   3.502179717e-12,   0.0002531756051,   -0.002893810305,     0.00654744272,   -0.007767524276,   -0.000679570338,     -0.1037917195
          0,           0,         203,      -4.711121888,      -5.770051746,     -0.8305017777,      -1.363673954,      -2.387082423,       2.775849336,        1.61966714,    0.006557555341,  -0.0006801794552,   -0.007774486523,   3.411525816e-12,   0.0002547490545,   -0.002911794917,    0.006557555341,   -0.007774486523,  -0.0006801794552,     -0.1037245467
          0,           0,         204,      -4.713914862,      -5.758034945,     -0.8342678704,      -1.365834228,      -2.389383374,       2.773010745,        1.60377171,    0.006561861962,  -0.0006803365834,   -0.007776282513,   3.313787268e-12,   0.0002562370613,   -0.002928802915,    0.006561861962,   -0.007776282513,  -0.0006803365834,     -0.1036804168
          0,           0,         205,      -4.716361735,      -5.747623185,      -0.837927215,       -1.36727211,      -2.391025704,        2.77055413,       1.585936909,    0.006560112828,  -0.0006800249576,   -0.007772720619,   3.214315317e-12,    0.000257634537,   -0.002944776139,    0.006560112828,   -0.007772720619,  -0.0006800249576,     -0.1036605582
          0,           0,         206,      -4.718426154,      -5.738865159,     -0.8414724856,      -1.367861155,      -2.391925327,       2.768531255,       1.565787416,    0.006551948495,  -0.0006792195339,   -0.007763514591,   3.108105724e-12,   0.0002589339554,   -0.002959628563,    0.006551948495,   -0.007763514591,  -0.0006792195339,     -0.1036667999
          0,           0,         207,      -4.720195528,      -5.731822187,     -0.8449914303,      -1.367606482,       -2.39201909,        2.76685621,       1.543167588,    0.006537097549,  -0.0006778997643,   -0.007748429562,   3.000720644e-12,   0.0002601285366,   -0.002973282692,    0.006537097549,   -0.007748429562,  -0.0006778997643,     -0.1037004204
          0,           0,         208,      -4.721627152,      -5.726555735,      -0.848460167,      -1.366323263,      -2.391158449,       2.765587907,       1.517982463,    0.006515413759,  -0.0006760618658,   -0.007727422293,   2.887547235e-12,   0.0002612142378,   -0.002985692317,    0.006515413759,   -0.007727422293,  -0.0006760618658,     -0.1037634586
          0,           0,         209,      -4.722586553,       -5.72313245,     -0.8518173146,      -1.363767338,      -2.389096111,       2.764884287,       1.489535729,    0.006486605082,  -0.0006736812416,   -0.007700211642,   2.773997799e-12,   0.0002621840102,   -0.002996776869,    0.006486605082,   -0.007700211642,  -0.0006736812416,     -0.1038572925
          0,           0,         210,      -4.723046173,      -5.721628755,      -0.855010109,      -1.359998532,      -2.385860587,       2.764770675,       1.458029331,    0.006450496155,  -0.0006707446402,   -0.007666646142,   2.655264092e-12,   0.0002630322719,   -0.003006472549,    0.006450496155,   -0.007666646142,  -0.0006707446402,     -0.1039834184
          0,           0,         211,      -4.723072803,      -5.722144131,     -0.8581274667,      -1.354995902,      -2.381431723,       2.765188372,       1.423729757,    0.006406986856,  -0.0006672533742,   -0.007626740796,   2.524483697e-12,   0.0002637567783,   -0.003014753699,    0.006406986856,   -0.007626740796,  -0.0006672533742,     -0.1041446454
          0,           0,         212,      -4.722565504,      -5.724827472,     -0.8611117398,      -1.348681852,      -2.375682784,       2.766251459,       1.387076134,    0.006355835121,  -0.0006631923933,   -0.007580323581,   2.395217717e-12,   0.0002643532047,   -0.003021570888,    0.006355835121,   -0.007580323581,  -0.0006631923933,     -0.1043438637
          0,           0,         213,      -4.721485678,      -5.730167363,     -0.8639760812,      -1.341119081,      -2.368687768,       2.768000919,       1.349450257,    0.006296727184,  -0.0006585486813,   -0.007527245718,   2.262791907e-12,   0.0002648166481,   -0.003026868075,    0.006296727184,   -0.007527245718,  -0.0006585486813,     -0.1045858685
          0,           0,         214,      -4.719166031,      -5.744507639,     -0.8666590324,      -1.332017461,      -2.360187379,       2.771226188,       1.309698382,    0.006227446364,  -0.0006532681595,   -0.007466889086,   2.126652454e-12,   0.0002651361128,   -0.003030519578,    0.006227446364,   -0.007466889086,  -0.0006532681595,      -0.104901451
          0,           0,         215,      -4.715000713,      -5.771336664,     -0.8691356367,      -1.320436051,      -2.349322938,       2.776846927,       1.285102865,    0.006145837714,  -0.0006472517895,   -0.007398121672,   1.988455414e-12,   0.0002652942734,   -0.003032327366,    0.006145837714,   -0.007398121672,  -0.0006472517895,     -0.1053154703
          0,           0,         216,      -4.710278924,      -5.802943037,     -0.8716161695,      -1.307125963,      -2.336724846,       2.783750887,       1.308586867,    0.006053099212,   -0.000640551525,   -0.007321537307,   1.852897914e-12,   0.0002652977814,   -0.003032367467,    0.006053099212,   -0.007321537307,   -0.000640551525,      -0.105822076
          0,           0,         217,      -4.706313926,      -5.833260874,     -0.8742841355,      -1.294286551,      -2.324359914,       2.790148101,       1.358611141,    0.005951439796,   -0.000633290122,     -0.0072385391,   1.712271832e-12,   0.0002651633663,     -0.0030308311,    0.005951439796,     -0.0072385391,   -0.000633290122,     -0.1064095654
          0,           0,         218,      -4.703025778,      -5.862040201,     -0.8771354378,      -1.282391814,      -2.312626717,       2.795887141,       1.413462323,     0.00584227488,  -0.0006255437985,   -0.007149998226,   1.570697419e-12,   0.0002649005547,   -0.003027827154,     0.00584227488,   -0.007149998226,  -0.0006255437985,     -0.1070719559
          0,           0,         219,      -4.700131635,      -5.892286637,     -0.8801071274,      -1.271465089,      -2.301457733,       2.801153203,       1.464166737,    0.005725474308,  -0.0006173258323,   -0.007056066453,   1.422751294e-12,   0.0002645097279,   -0.003023359988,    0.005725474308,   -0.007056066453,  -0.0006173258323,     -0.1078209069
          0,           0,         220,      -4.697178234,       -5.93001722,     -0.8831272417,      -1.261133937,      -2.290428136,       2.806515323,       1.511390733,    0.005599354244,  -0.0006085943164,   -0.006956264779,   1.280305982e-12,   0.0002639831368,    -0.00301734103,    0.005599354244,   -0.006956264779,  -0.0006085943164,     -0.1086900899
          0,           0,         221,      -4.695141618,      -5.960442994,     -0.8863358339,      -1.252245065,      -2.280861155,       2.810952586,       1.555840501,    0.005466487013,  -0.0005994898972,   -0.006852200801,   1.140443024e-12,   0.0002633408908,   -0.003010000128,    0.005466487013,   -0.006852200801,  -0.0005994898972,     -0.1096663901
          0,           0,         222,      -4.694188027,      -5.978917585,     -0.8896907748,      -1.245189789,      -2.273111814,       2.814112257,       1.594222971,    0.005329299175,  -0.0005901385449,   -0.006745314363,   1.002130514e-12,   0.0002626014755,   -0.003001548578,    0.005329299175,   -0.006745314363,  -0.0005901385449,     -0.1107347375
          0,           0,         223,      -4.694206755,      -5.984572669,     -0.8930901294,      -1.239956471,      -2.267222248,       2.816016516,        1.62614553,    0.005189570913,  -0.0005806304937,   -0.006636636848,   8.672713476e-13,   0.0002617749618,   -0.002992101488,    0.005189570913,   -0.006636636848,  -0.0005806304937,     -0.1118841044
          0,           0,         224,      -4.695102628,      -5.979638269,     -0.8965430326,      -1.236411644,      -2.263155941,       2.816742691,       1.652156865,    0.005048429342,  -0.0005710358257,   -0.006526969299,   7.355159363e-13,   0.0002608719129,   -0.002981779596,    0.005048429342,   -0.006526969299,  -0.0005710358257,     -0.1131115812
          0,           0,         225,      -4.696756523,      -5.965901161,      -0.899985927,      -1.234440906,      -2.260833655,       2.816422598,       1.673388094,    0.004906934653,   -0.000561412366,   -0.006416972658,   6.066366165e-13,   0.0002598996521,   -0.002970666609,    0.004906934653,   -0.006416972658,   -0.000561412366,     -0.1144120323
          0,           0,         226,      -4.699119761,      -5.946171381,     -0.9034408276,       -1.23395273,      -2.260159235,       2.815116107,       1.690569147,    0.004766068931,  -0.0005518098546,   -0.006307215458,   4.803796663e-13,   0.0002588661731,   -0.002958853894,    0.004766068931,   -0.006307215458,  -0.0005518098546,     -0.1157788237
          0,           0,         227,      -4.702079937,      -5.923462083,     -0.9068624881,      -1.234776336,      -2.260943514,       2.812946332,       1.704148676,    0.004626630021,  -0.0005422701588,   -0.006198176243,   3.565796677e-13,   0.0002577787012,   -0.002946424038,    0.004626630021,   -0.006198176243,  -0.0005422701588,     -0.1172062941
          0,           0,         228,      -4.705635924,      -5.900084195,      -0.910296644,      -1.236907901,      -2.263112806,       2.809910911,       1.714531512,    0.004489248884,   -0.000532826292,   -0.006090232358,   2.350219568e-13,   0.0002566424412,   -0.002933436532,    0.004489248884,   -0.006090232358,   -0.000532826292,     -0.1186894079
          0,           0,         229,      -4.709576787,      -5.877519689,     -0.9136044516,      -1.240071806,       -2.26639308,       2.806242704,       1.722127415,    0.004354345584,  -0.0005235043266,   -0.005983681812,   1.155285872e-13,   0.0002554615858,   -0.002919939297,    0.004354345584,   -0.005983681812,  -0.0005235043266,     -0.1202257185
          0,           0,         230,      -4.713900692,      -5.856518974,     -0.9168705545,      -1.244219433,       -2.27072514,       2.801961484,       1.727257152,    0.004222213895,  -0.0005143247102,   -0.005878758323,  -1.958012902e-15,   0.0002542407373,   -0.002905984938,    0.004222213895,   -0.005878758323,  -0.0005143247102,     -0.1218139874
          0,           0,         231,        -4.7185147,      -5.837318101,     -0.9200861804,      -1.249172753,      -2.275917827,       2.797185765,       1.730184589,    0.004093166005,  -0.0005053046996,   -0.005775659135,  -1.172253306e-13,   0.0002529842852,    -0.00289162363,    0.004093166005,   -0.005775659135,  -0.0005053046996,       -0.12345082
          0,           0,         232,      -4.723393441,      -5.820105324,     -0.9232895372,      -1.254866478,      -2.281868901,        2.79196169,       1.731032715,    0.003967456149,   -0.000496458323,   -0.005674544594,  -2.303224541e-13,    0.000251696246,   -0.002876901279,    0.003967456149,   -0.005674544594,   -0.000496458323,     -0.1251326554
          0,           0,         233,      -4.728421408,      -5.804955534,      -0.926453092,      -1.261079808,      -2.288362786,       2.786440095,       1.729940274,    0.003845269988,  -0.0004877967633,   -0.005575542519,  -3.410999418e-13,   0.0002503803408,   -0.002861860417,    0.003845269988,   -0.005575542519,  -0.0004877967633,     -0.1268563104
          0,           0,         234,      -4.733573299,      -5.791847033,     -0.9296094392,       -1.26773344,      -2.295310196,       2.780669185,       1.727006018,    0.003726740255,  -0.0004793287726,   -0.005478752948,  -4.495714288e-13,   0.0002490400049,   -0.002846540312,    0.003726740255,   -0.005478752948,  -0.0004793287726,     -0.1286187767
          0,           0,         235,      -4.738778283,      -5.780714703,     -0.9327211511,      -1.274709754,      -2.302577309,       2.774733943,        1.72226115,    0.003611957891,  -0.0004710613402,   -0.005384255769,  -5.572534807e-13,   0.0002476781196,   -0.002830973896,    0.003611957891,   -0.005384255769,  -0.0004710613402,     -0.1304171738
          0,           0,         236,       -4.74397185,      -5.771481703,     -0.9357747187,      -1.281888459,      -2.310022694,        2.76871803,       1.715779173,    0.003500982561,  -0.0004629991005,   -0.005292103952,   -6.62577425e-13,   0.0002462969622,   -0.002815187198,    0.003500982561,   -0.005292103952,  -0.0004629991005,      -0.132248331
          0,           0,         237,      -4.749137261,      -5.764074071,      -0.938808694,      -1.289162309,      -2.317516967,         2.7626588,       1.707603664,    0.003393847259,  -0.0004551458361,   -0.005202340734,  -7.653142734e-13,   0.0002448994951,   -0.002799214081,    0.003393847259,   -0.005202340734,  -0.0004551458361,     -0.1341091102
          0,           0,         238,      -4.754240236,      -5.758427106,     -0.9418302978,      -1.296430314,      -2.324942016,       2.756606069,       1.697733031,    0.003290561323,  -0.0004475039457,   -0.005114993532,  -8.725820107e-13,   0.0002434883454,   -0.002783084569,    0.003290561323,   -0.005114993532,  -0.0004475039457,     -0.1359962334
          0,           0,         239,      -4.759199822,      -5.754488893,     -0.9447876685,      -1.303583237,      -2.332168111,       2.750657498,       1.686204574,    0.003191111273,  -0.0004400728827,   -0.005030056098,  -9.760874899e-13,   0.0002420636688,   -0.002766800446,    0.003191111273,   -0.005030056098,  -0.0004400728827,     -0.1379058407
          0,           0,         240,      -4.764026237,      -5.752785581,     -0.9477439537,      -1.310563962,      -2.339125933,       2.744802626,       1.672829656,    0.003095468434,  -0.0004328530889,   -0.004947533483,  -1.079567758e-12,   0.0002406277954,   -0.002750388342,    0.003095468434,   -0.004947533483,  -0.0004328530889,     -0.1398344381
          0,           0,         241,      -4.768662235,      -5.754333917,     -0.9506941616,      -1.317289619,       -2.34572198,       2.739097598,       1.657295305,    0.003003586187,  -0.0004258440029,   -0.004867419267,  -1.178949626e-12,   0.0002391827555,   -0.002733871464,    0.003003586187,   -0.004867419267,  -0.0004258440029,     -0.1417785196
          0,           0,         242,      -4.773139644,      -5.758734556,     -0.9536982063,      -1.323733202,      -2.351902651,       2.733558552,       1.639832192,    0.002915410656,   -0.000419045201,    -0.00478970861,  -1.274214153e-12,   0.0002377315343,   -0.002717283933,    0.002915410656,    -0.00478970861,   -0.000419045201,     -0.1437345371
          0,           0,         243,      -4.777413304,      -5.766988722,     -0.9567597478,      -1.329807438,      -2.357577138,        2.72821789,       1.620058332,    0.002830877881,  -0.0004124553354,   -0.004714386105,  -1.365288722e-12,   0.0002362767722,    -0.00270065593,    0.002830877881,   -0.004714386105,  -0.0004124553354,     -0.1456987382
          0,           0,         244,       -4.78148886,      -5.777345232,     -0.9598367762,      -1.335493272,      -2.362751359,        2.72321039,        1.59958007,    0.002749892053,  -0.0004060719203,   -0.004641423341,  -1.452057378e-12,   0.0002348202651,   -0.002684007981,    0.002749892053,   -0.004641423341,  -0.0004060719203,      -0.147668313
          0,           0,         245,      -4.785567441,      -5.788692463,     -0.9630362789,      -1.341095471,      -2.367690347,       2.718343813,       1.579326524,    0.002672371751,  -0.0003998945714,   -0.004570815924,  -1.538827777e-12,   0.0002333651984,   -0.002667376495,    0.002672371751,   -0.004570815924,  -0.0003998945714,     -0.1496403228
          0,           0,         246,      -4.789604671,      -5.800894573,     -0.9662381854,      -1.346673887,      -2.372429802,       2.713633466,       1.559517301,    0.002598253741,  -0.0003939202839,   -0.004502529509,  -1.620789659e-12,   0.0002319127791,   -0.002650775271,    0.002598253741,   -0.004502529509,  -0.0003939202839,     -0.1516096283
          0,           0,         247,      -4.793669013,      -5.813740485,     -0.9694739475,      -1.352324051,      -2.377067288,       2.708983775,       1.540350004,    0.002527474059,  -0.0003881473787,   -0.004436544904,  -1.697939381e-12,     0.00023046587,   -0.002634237026,    0.002527474059,   -0.004436544904,  -0.0003881473787,     -0.1535712611
          0,           0,         248,      -4.797824938,      -5.827159063,     -0.9727749856,      -1.358141647,      -2.381698849,        2.70429135,       1.521846917,    0.002459964964,  -0.0003825739547,    -0.00437284038,  -1.770280918e-12,   0.0002290272645,   -0.002617793694,    0.002459964964,    -0.00437284038,  -0.0003825739547,     -0.1555200827
          0,           0,         249,      -4.802091182,      -5.841353952,     -0.9761423186,      -1.364173944,      -2.386383647,       2.699510626,       1.503966761,    0.002395655011,  -0.0003771978972,   -0.004311391765,   -1.83787362e-12,   0.0002275996417,   -0.002601475892,    0.002395655011,   -0.004311391765,  -0.0003771978972,     -0.1574508414
